#  
#   VizieR Astronomical Server vizier.u-strasbg.fr
#    Date: 2013-07-28T00:39:10 [V1.97 (28-Nov-2012)]
#   In case of problem, please report to: question@simbad.u-strasbg.fr
# 
#   
#Coosys J2000: eq_FK5 J2000 
#INFO votable-version=1.97 (28-Nov-2012) 
#INFO -ref=VIZ51f467e66687 
#INFO -out.max=200 
#INFO queryParameters=17 
#-oc.form=sexa
#-out.max=200
#-out.add=_r
#-out.add=_RAJ,_DEJ
#-sort=_r
#-nav=cat:J/ApJ/611/323&tab:{J/ApJ/611/323/table3}&key:source=J/ApJ/611/323/table3&HTTPPRM:&-out.max=50&-out.form=HTML Table&-out.add=_r&-out.add=_RAJ,_DEJ&-sort=_r&-oc.form=sexa&
#-c.eq=J2000
#-c.r=  2
#-c.u=arcmin
#-c.geom=r
#-source=J/ApJ/611/323/table3
#-order=I
#-out=Mmb
#R93=R93
#-out=Vmag2
#-out=V-I
#Simbad=Simbad
#

#RESOURCE=yCat_16110323
#Name: J/ApJ/611/323
#Title: BVI photometry of M5 giant branch stars (Sandquist+, 2004)
#Table J_ApJ_611_323_table3:
#Name: J/ApJ/611/323/table3
#Title: The RR Lyrae Star Sample for M5
#---Details of Columns:
    _RAJ2000 ("h:m:s") (A11)   Right ascension (FK5, Equinox=J2000.0) (computed by VizieR, not part of the original data) [ucd=pos.eq.ra]
    _DEJ2000 ("d:m:s") (A11)   Declination (FK5, Equinox=J2000.0) (computed by VizieR, not part of the original data) [ucd=pos.eq.dec]
    Mmb                (F5.2)  ? Membership probability (Rees 1993, Cat. <J/AJ/106/1524>) [ucd=meta.code.member]
    Vmag2 (mag)        (F6.3)  ? The V band magnitude from r_Vmag2 [ucd=phot.mag;em.opt.V]
    V-I (mag)          (F6.3)  ? Static (V-I) color from r_Vmag2 [ucd=phot.color;em.opt.V;em.opt.I]
----------- ----------- ----- ------ ------
_RAJ200     _DEJ200           Vmag2  V-I   
0 ("h:m:s") 0 ("d:m:s") Mmb   (mag)  (mag) 
----------- ----------- ----- ------ ------
15 18 35.44 +02 07 29.1  0.99 15.107  0.493
15 18 10.25 +02 04 29.8  0.99        
15 18 44.19 +02 06 37.5  0.99 15.063  0.541
15 18 32.59 +02 06 03.5       15.070  0.413
15 18 32.84 +02 05 41.3       15.103  0.475
15 18 35.00 +02 04 02.1       15.011  0.515
15 18 32.56 +02 01 38.8  0.99        
15 18 41.96 +02 02 32.1  0.99 15.072  0.514
15 18 46.48 +02 06 10.7  0.99        
15 18 41.20 +02 11 07.2              
15 18 23.11 +02 06 19.1       14.935  0.513
15 18 21.51 +02 04 38.4  0.99 15.106  0.458
15 18 33.89 +02 03 44.1       14.966  0.478
15 18 23.75 +02 06 37.8       15.038  0.429
15 18 46.11 +02 04 46.6  0.99        
15 18 39.52 +02 06 10.1  0.99 14.814  0.472
15 18 31.61 +02 05 34.6  0.99 14.942  0.491
15 18 43.19 +02 02 56.7              
15 18 48.80 +02 02 32.0  0.99        
15 18 16.15 +02 04 33.4  0.99        
15 18 54.98 +02 05 52.4  0.99        
15 18 30.00 +02 03 39.7  0.99 15.195  0.525
15 18 31.09 +02 02 42.9              
15 18 34.92 +02 06 30.2  0.99        
15 18 32.70 +02 03 50.9  0.99 14.996  0.481
15 18 41.87 +02 02 44.3  0.99 15.091  0.515
15 18 08.06 +02 03 45.8  0.99        
15 18 34.38 +02 01 16.4  0.99        
15 18 43.13 +02 02 22.9  0.99        
15 18 46.47 +02 02 12.4  0.99        
15 18 32.10 +02 06 57.3       15.066  0.481
15 18 39.01 +02 05 46.0       15.037  0.543
15 18 32.24 +02 02 55.6  0.99 14.959  0.344
15 18 32.62 +02 03 57.4       15.040  0.566
15 18 36.13 +02 03 41.2              
15 18 30.54 +02 06 48.0       15.096  0.467
15 18 24.40 +02 00 44.2  0.99        
15 18 41.83 +02 06 38.5  0.99 15.042  0.392
15 18 35.01 +02 08 39.7  0.99        
15 18 20.07 +02 07 30.2  0.99 15.023  0.588
15 18 26.48 +02 05 23.9  0.99 15.025  0.429
15 18 25.60 +02 05 59.0       15.001  0.541
15 18 28.35 +02 05 49.9       15.109  0.498
15 18 40.55 +02 05 21.2       15.128  0.504
15 18 37.92 +02 05 06.4              
15 18 35.40 +02 05 45.6       15.168  0.506
15 18 38.31 +02 02 03.9  0.99        
15 18 28.86 +02 06 28.2       15.124  0.521
15 18 31.42 +02 06 30.1       15.051  0.327
           	           	     	      	
15 18 23.17 +02 04 19.3  0.99 14.977  0.550
15 18 25.96 +02 05 01.5  0.99        
15 18 16.17 +02 04 26.9  0.99        
15 18 44.00 +02 01 07.5  0.99        
15 18 47.59 +02 05 34.0  0.99        
15 18 29.37 +02 00 42.8  0.99        
15 18 22.40 +02 03 21.5       15.118  0.466
15 18 48.68 +02 11 28.5  0.99        
           	           	     	      	
           	           	     	      	
           	           	     	      	
15 19 00.87 +02 15 02.3  0.99        
15 19 18.28 +02 09 17.5  0.99        
           	           	     	      	
15 18 35.62 +02 14 52.9  0.99        
15 18 47.16 +02 07 25.1              
15 18 37.73 +01 57 54.2  0.99        
15 18 38.06 +01 59 38.1  0.99        
15 18 21.45 +02 01 50.9  0.99        
15 18 37.95 +02 07 26.6  0.99 15.072  0.300
15 18 24.27 +02 04 22.1  0.99 15.003  0.488
15 18 30.24 +02 06 42.5  0.99 15.047  0.439
15 18 28.21 +02 02 50.6       15.063  0.532
15 18 28.77 +02 05 04.3       15.044  0.533
15 18 27.44 +02 03 24.8       15.092  0.580
15 18 35.76 +02 04 14.0  0.25        
15 18 35.51 +02 04 15.6              
15 18 41.42 +02 04 43.6  0.99 14.915  0.592
15 18 37.75 +02 05 49.0  0.99 15.021  0.392
15 18 37.40 +02 05 52.2  0.99 15.083  0.528
15 18 30.31 +02 05 06.2  0.99        
15 18 30.94 +02 05 25.8              
15 18 29.25 +02 02 48.3              
15 18 36.14 +02 04 12.7              
15 18 31.72 +02 05 07.7              
15 18 30.33 +02 06 33.5              
15 18 32.50 +02 05 22.8       15.091  0.495
15 18 36.35 +02 03 15.7       15.022  0.540
15 18 35.81 +02 05 08.1  0.98        
15 18 35.57 +02 04 48.2       15.037  0.383
15 18 33.54 +02 05 38.1       15.109  0.353
15 18 34.38 +02 04 34.1              
15 18 34.64 +02 04 40.3              
15 18 32.67 +02 05 31.9       15.129  0.434
15 18 32.88 +02 05 04.9              
15 18 32.93 +02 04 58.8              
15 18 33.24 +02 04 45.4              
15 18 33.79 +02 04 46.4              
15 18 34.56 +02 04 50.3              
15 18 34.88 +02 04 45.4              
15 18 34.89 +02 05 04.9              
15 18 35.12 +02 04 17.1              
15 18 35.13 +02 04 14.9              
15 18 35.25 +02 04 46.1              
15 18 36.33 +02 04 53.2              
15 18 36.33 +02 04 45.6  0.99        
15 18 34.89 +02 04 51.6              
15 18 34.59 +02 04 56.5              
15 18 34.12 +02 05 04.5              
15 18 33.82 +02 04 57.0              
15 18 32.95 +02 04 42.5       15.006  0.432
15 18 32.04 +02 04 44.7              
15 18 33.26 +02 05 18.4              
15 18 32.60 +02 05 19.6              
15 18 32.17 +02 05 06.4              
15 18 32.07 +02 05 01.8              
15 18 30.77 +02 05 00.4              
15 18 30.82 +02 04 42.2              
15 18 30.06 +02 04 01.3              
15 18 38.57 +02 05 44.2              
15 18 38.59 +02 05 41.7              
15 18 36.27 +02 05 33.2              
15 18 40.52 +02 05 29.6              
15 18 32.68 +02 03 58.7              
15 18 36.33 +02 05 28.3              
15 18 32.09 +02 05 22.5              
15 18 34.50 +02 04 50.0              
15 18 33.35 +02 05 11.1              
15 18 32.64 +02 04 58.1              
15 18 33.35 +02 04 57.2              
15 18 32.83 +02 04 50.1              
15 18 33.71 +02 05 41.1              
           	           	     	      	

#END#  -ref=VIZ51f467e66687 =======================================================================================================================================================

